  exif:ApertureValue: 193685/85136
    exif:BrightnessValue: 85097/7860
    exif:ColorSpace: 1
    exif:ComponentsConfiguration: 1, 2, 3, 0
    exif:CustomRendered: 4
    exif:DateTime: 2019:01:24 12:53:17
    exif:DateTimeDigitized: 2019:01:24 12:53:17
    exif:DateTimeOriginal: 2019:01:24 12:53:17
    exif:ExifOffset: 206
    exif:ExifVersion: 48, 50, 50, 49
    exif:ExposureBiasValue: 0/1
    exif:ExposureMode: 0
    exif:ExposureProgram: 2
    exif:ExposureTime: 1/1508
    exif:Flash: 16
    exif:FlashPixVersion: 48, 49, 48, 48
    exif:FNumber: 11/5
    exif:FocalLength: 83/20
    exif:FocalLengthIn35mmFilm: 29
    exif:GPSAltitude: 836675/852
    exif:GPSAltitudeRef: 0
    exif:GPSDateStamp: 2019:01:24
    exif:GPSDestBearing: 220228/1881
    exif:GPSDestBearingRef: M
    exif:GPSHPositioningError: 5/1
    exif:GPSImgDirection: 220228/1881
    exif:GPSImgDirectionRef: M
    exif:GPSInfo: 1754
    exif:GPSLatitude: 46/1, 51/1, 3622/100
    exif:GPSLatitudeRef: N
    exif:GPSLongitude: 113/1, 59/1, 650/100
    exif:GPSLongitudeRef: W
    exif:GPSSpeed: 0/1
    exif:GPSSpeedRef: K
    exif:GPSTimeStamp: 19/1, 53/1, 1699/100
    exif:LensMake: Apple
    exif:LensModel: iPhone 6s back camera 4.15mm f/2.2
    exif:LensSpecification: 83/20, 83/20, 11/5, 11/5
    exif:Make: Apple
    exif:MakerNote: 65, 112, 112, 108, 101, 32, 105, 79, 83, 0, 0, 1, 77, 77, 0, 18, 0, 1, 0, 9, 0, 0, 0, 1, 0, 0, 0, 10, 0, 2, 0, 7, 0, 0, 2, 46, 0, 0, 0, 236, 0, 3, 0, 7, 0, 0, 0, 104, 0, 0, 3, 26, 0, 4, 0, 9, 0, 0, 0, 1, 0, 0, 0, 1, 0, 5, 0, 9, 0, 0, 0, 1, 0, 0, 0, 253, 0, 6, 0, 9, 0, 0, 0, 1, 0, 0, 0, 248, 0, 7, 0, 9, 0, 0, 0, 1, 0, 0, 0, 1, 0, 8, 0, 10, 0, 0, 0, 3, 0, 0, 3, 130, 0, 10, 0, 9, 0, 0, 0, 1, 0, 0, 0, 4, 0, 14, 0, 9, 0, 0, 0, 1, 0, 0, 0, 0, 0, 20, 0, 9, 0, 0, 0, 1, 0, 0, 0, 3, 0, 21, 0, 2, 0, 0, 0, 37, 0, 0, 3, 154, 0, 23, 0, 9, 0, 0, 0, 1, 0, 0, 0, 0, 0, 25, 0, 9, 0, 0, 0, 1, 0, 0, 0, 1, 0, 31, 0, 9, 0, 0, 0, 1, 0, 0, 0, 0, 0, 37, 0, 9, 0, 0, 0, 1, 0, 0, 0, 0, 0, 38, 0, 9, 0, 0, 0, 1, 0, 0, 0, 0, 0, 39, 0, 10, 0, 0, 0, 1, 0, 0, 3, 192, 0, 0, 0, 0, 98, 112, 108, 105, 115, 116, 48, 48, 79, 17, 2, 0, 43, 1, 39, 1, 46, 1, 22, 1, 243, 0, 148, 0, 82, 0, 46, 0, 38, 0, 130, 1, 121, 1, 29, 1, 198, 0, 39, 1, 37, 1, 188, 0, 75, 1, 56, 1, 42, 1, 47, 1, 145, 1, 64, 1, 153, 0, 52, 0, 44, 0, 136, 1, 142, 1, 41, 1, 225, 0, 92, 1, 42, 1, 222, 0, 91, 1, 52, 1, 35, 1, 43, 1, 48, 1, 83, 1, 247, 0, 74, 0, 54, 0, 143, 1, 153, 1, 67, 1, 32, 1, 31, 1, 63, 1, 221, 0, 85, 1, 41, 1, 28, 1, 57, 1, 51, 1, 88, 1, 223, 0, 92, 0, 79, 0, 146, 1, 142, 1, 104, 1, 72, 1, 14, 1, 70, 1, 226, 0, 84, 1, 33, 1, 16, 1, 50, 1, 132, 1, 76, 1, 133, 0, 66, 0, 91, 0, 146, 1, 130, 1, 106, 1, 40, 1, 214, 0, 39, 1, 229, 0, 79, 1, 29, 1, 10, 1, 41, 1, 120, 1, 136, 1, 122, 0, 74, 0, 109, 0, 138, 1, 139, 1, 74, 1, 246, 0, 207, 0, 28, 1, 212, 0, 77, 1, 30, 1, 10, 1, 33, 1, 102, 1, 120, 1, 96, 0, 74, 0, 114, 0, 132, 1, 122, 1, 49, 1, 223, 0, 18, 1, 44, 1, 218, 0, 64, 1, 35, 1, 16, 1, 12, 1, 24, 1, 20, 1, 88, 0, 78, 0, 103, 0, 106, 1, 96, 1, 83, 1, 245, 0, 25, 1, 86, 1, 32, 1, 60, 1, 42, 1, 11, 1, 249, 0, 165, 0, 139, 0, 82, 0, 83, 0, 76, 0, 113, 1, 129, 1, 113, 1, 35, 1, 13, 1, 79, 1, 69, 1, 58, 1, 35, 1, 4, 1, 242, 0, 226, 0, 73, 1, 82, 0, 73, 0, 106, 0, 146, 1, 137, 1, 75, 1, 0, 1, 53, 1, 225, 0, 87, 1, 54, 1, 29, 1, 2, 1, 234, 0, 239, 0, 20, 1, 106, 0, 69, 0, 110, 0, 139, 1, 159, 1, 56, 1, 207, 0, 55, 1, 7, 1, 58, 1, 59, 1, 38, 1, 5, 1, 237, 0, 238, 0, 58, 1, 150, 0, 68, 0, 98, 0, 139, 1, 154, 1, 14, 1, 187, 0, 38, 1, 54, 1, 76, 1, 73, 1, 50, 1, 14, 1, 242, 0, 248, 0, 18, 1, 138, 0, 45, 0, 82, 0, 137, 1, 152, 1, 1, 1, 174, 0, 66, 1, 22, 1, 66, 1, 84, 1, 61, 1, 34, 1, 236, 0, 138, 0, 77, 0, 43, 0, 49, 0, 51, 0, 135, 1, 147, 1, 251, 0, 182, 0, 237, 0, 239, 0, 70, 1, 77, 1, 58, 1, 53, 1, 198, 0, 67, 0, 52, 0, 41, 0, 35, 0, 62, 0, 133, 1, 139, 1, 23, 1, 175, 0, 234, 0, 32, 1, 70, 1, 66, 1, 53, 1, 56, 1, 2, 1, 211, 0, 118, 0, 64, 0, 38, 0, 89, 0, 134, 1, 140, 1, 60, 1, 159, 0, 49, 1, 254, 0, 228, 0, 0, 8, 0, 0, 0, 0, 0, 0, 2, 1, 0, 0, 0, 0, 0, 0, 0, 1, 0, 0, 0, 0, 0, 0, 0, 0, 0, 0, 0, 0, 0, 0, 2, 12, 98, 112, 108, 105, 115, 116, 48, 48, 212, 1, 2, 3, 4, 5, 6, 7, 8, 85, 102, 108, 97, 103, 115, 85, 118, 97, 108, 117, 101, 89, 116, 105, 109, 101, 115, 99, 97, 108, 101, 85, 101, 112, 111, 99, 104, 16, 1, 19, 0, 2, 151, 131, 208, 187, 52, 55, 18, 59, 154, 202, 0, 16, 0, 8, 17, 23, 29, 39, 45, 47, 56, 61, 0, 0, 0, 0, 0, 0, 1, 1, 0, 0, 0, 0, 0, 0, 0, 9, 0, 0, 0, 0, 0, 0, 0, 0, 0, 0, 0, 0, 0, 0, 0, 63, 0, 0, 5, 73, 0, 3, 66, 23, 255, 254, 86, 181, 0, 1, 167, 100, 0, 2, 122, 42, 0, 44, 255, 227, 70, 49, 48, 68, 54, 55, 53, 51, 45, 70, 70, 70, 67, 45, 52, 48, 65, 66, 45, 65, 65, 57, 55, 45, 69, 66, 56, 56, 56, 56, 50, 65, 68, 65, 69, 56, 0, 0, 0, 0, 0, 0, 0, 0, 0, 1
    exif:MeteringMode: 5
    exif:Model: iPhone 6s
    exif:Orientation: 6
    exif:PhotographicSensitivity: 25
    exif:PixelXDimension: 4032
    exif:PixelYDimension: 3024
    exif:ResolutionUnit: 2
    exif:SceneCaptureType: 0
    exif:SceneType: 1
    exif:SensingMethod: 2
    exif:ShutterSpeedValue: 90562/8577
    exif:Software: 12.1.2
    exif:SubjectArea: 2015, 1511, 2217, 1330
    exif:SubSecTimeDigitized: 858
    exif:SubSecTimeOriginal: 858
    exif:thumbnail:Compression: 6
    exif:thumbnail:JPEGInterchangeFormat: 2158
    exif:thumbnail:JPEGInterchangeFormatLength: 9944
    exif:thumbnail:ResolutionUnit: 2
    exif:thumbnail:XResolution: 72/1
    exif:thumbnail:YResolution: 72/1
    exif:WhiteBalance: 0
    exif:XResolution: 72/1
    exif:YCbCrPositioning: 1
    exif:YResolution: 72/1
    Profile-exif: 12284 bytes